Dan 517 5 14 575 33 69 1 1 1 1 1 1 1 
100 100 160 160 160 124 109 112 
0 Rusty 4 0 7 14 2 
1 Rusty 12 0 21 0 1 Rusty 11 0 14 1 1 Iron 10 1 15 2 1 Rusty 7 0 21 3 
0 Rusty 3 0 5 11 0 
1 Rusty 10 0 21 3 
DFDG 512 1 3 25 0 1 1 1 1 1 1 1 1 
100 100 97 101 105 100 100 100 
0 Rusty 4 0 7 14 0 



JHFHGFDFXFG 512 1 13 125 71 7 1 1 1 1 1 1 1 
100 100 114 101 104 100 100 100 


0 Iron 6 1 9 18 1 0 Rusty 10 0 6 12 2 

fsfdhdgdf 0 1 3 50 1 7 1 1 1 1 1 1 1 
100 100 111 107 110 100 100 100 




Matt 512 1 14 0 130 3 1 1 1 1 1 1 1 
100 100 104 102 95 100 100 100 




